87 13 76 43 73 43 54 14 58 36
63 23 26 16 23 17 81 89 72 1
78 85 22 77 96 85 62 40 60 14
20 51 60 97 9 0 41 59 58 57
97 43 24 84 2 94 79 19 82 24
16 93 26 51 56 79 91 53 83 81
4 72 46 95 78 28 11 1 77 79
45 42 98 3 48 94 79 68 21 12
85 24 22 33 25 49 70 38 64 91
29 78 19 15 25 72 45 72 91 3
76 76 93 25 75 63 1 15 41 58
18 6 65 27 47 50 19 86 64 88
21 31 94 16 55 41 95 58 86 19
5 83 82 64 91 43 39 34 9 51
64 55 73 74 78 85 37 37 69 25
31 76 40 19 60 38 2 90 19 28
61 14 17 35 85 93 1 84 84 72
26 30 18 83 72 8 62 0 22 35
57 50 44 15 47 77 15 33 49 18
29 39 95 38 33 46 49 59 84 49
17 86 23 57 37 46 99 56 46 13
96 58 29 59 13 65 65 37 13 24
73 71 3 31 43 90 72 93 23 88
60 7 93 84 72 3 62 68 96 1
8 43 38 1 43 13 98 86 90 78
57 11 87 37 83 66 76 75 38 31
51 78 55 23 30 22 9 63 44 60
70 49 55 99 92 23 82 87 36 2
53 26 3 1 6 68 39 28 55 5
7 70 10 35 45 88 34 17 75 19
17 46 70 70 94 66 63 48 4 61
47 50 62 35 93 89 45 54 58 75
59 100 15 19 37 63 1 98 8 65
11 46 45 14 49 29 1 9 13 15
100 52 26 86 96 78 46 6 32 30
0 8 47 63 76 31 94 54 74 11
76 55 24 45 79 91 63 11 57 50
73 2 18 98 27 90 99 0 27 82
100 0 45 0 11 96 28 33 35 4
24 91 23 12 72 64 51 68 50 60
30 81 67 80 25 30 92 23 91 83
44 83 97 13 23 70 99 85 82 100
74 29 40 12 64 41 5 45 82 77
65 14 24 66 94 59 29 77 41 92
12 50 78 45 22 12 93 95 44 82
48 33 32 33 84 55 66 70 47 65
50 50 7 52 95 47 19 91 8 49
81 80 71 91 38 72 72 26 10 1
94 90 66 69 96 84 89 41 28 10
20 57 80 25 63 65 82 3 44 6
70 82 8 73 77 53 4 19 76 7
13 73 69 82 34 71 11 63 32 79
56 66 63 92 67 86 96 42 97 92
13 57 68 41 38 21 39 5 37 67
69 95 79 6 15 74 2 68 75 34
21 53 90 98 88 18 67 11 97 100
53 49 63 59 13 8 52 29 17 18
82 28 91 37 38 5 32 60 44 54
56 57 40 49 26 81 12 62 32 9
53 29 31 56 75 12 5 63 13 87
87 56 0 16 59 70 9 40 30 42
99 41 27 12 44 87 4 9 100 29
52 43 98 51 97 78 44 62 23 85
8 51 54 45 92 62 86 17 41 15
4 88 18 3 77 30 69 46 71 77
98 57 69 98 86 92 37 93 7 75
94 14 54 77 33 27 3 97 96 9
23 53 10 22 66 49 44 82 56 27
79 92 56 96 65 30 81 60 31 43
29 17 54 62 35 25 99 57 48 62
50 5 82 64 93 81 76 68 96 53
9 65 84 30 60 88 100 83 50 46
83 92 41 92 63 80 95 62 10 100
76 29 37 18 70 54 36 100 4 69
85 43 14 14 40 73 43 72 69 22
87 56 98 59 94 78 59 88 45 91
16 50 5 11 96 48 28 19 100 75
5 49 45 76 64 43 40 7 80 75
38 83 79 95 73 42 54 87 55 25
84 80 52 74 22 5 33 77 8 51
53 57 78 31 79 2 19 33 82 69
32 12 87 35 46 78 54 45 85 99
22 48 32 4 17 13 53 22 58 4
83 0 28 49 29 38 16 37 51 74
82 5 69 8 70 41 5 9 26 96
2 56 57 11 98 74 62 45 2 69
36 67 4 69 69 86 10 55 91 8
10 1 91 0 64 16 76 7 17 94
47 74 0 6 90 69 20 59 71 17
11 71 94 76 29 81 82 56 94 56
18 24 15 44 62 86 39 90 80 94
95 47 5 13 44 62 48 58 47 91
63 81 38 95 27 94 62 59 27 23
5 88 53 35 97 20 85 49 85 61
13 17 100 30 23 91 68 73 97 19
6 68 47 74 90 35 69 29 97 28
30 3 80 27 5 93 87 51 26 43
17 2 72 66 76 77 53 19 11 86
8 57 80 25 31 63 24 60 31 92
47 32 5 30 25 22 4 56 12 27